tree
version=v4
num_class=1
num_tree_per_iteration=1
label_index=0
max_feature_idx=12
objective=regression
feature_names=mois_num periode_fetes lag_1 lag_2 rolling_mean_3 cat_Beauté_&_Santé cat_Enfants_&_Bébé cat_Livres_&_Médias cat_Maison_&_Déco cat_Mode_Femme cat_Mode_Homme cat_Sport_&_Loisirs cat_Électronique
feature_infos=[1:12] [0:1] [107:439] [107:439] [122.33333333333333:355.33333333333331] [0:1] [0:1] [0:1] [0:1] [0:1] [0:1] [0:1] [0:1]
tree_sizes=596 612 610 611 612 626 621 610 684 712 688 688 714 686 790 681 688 789 683 688 787 680 691 681 787 689 681 684 789 610 611 690 609 612 612 607 611 613 524 666 523 614 687 689 521 683 526 688 705 697 597 612 691 528 598 528 615 521 531 614

Tree=0
num_leaves=5
num_cat=0
split_feature=0 3 10 8
split_gain=191391 31050 15298.6 17234.4
threshold=8.0000000000000018 182.00000000000003 1.0000000180025095e-35 1.0000000180025095e-35
decision_type=2 2 2 2
left_child=2 -2 3 -1
right_child=1 -3 -4 -5
leaf_value=198.936578295967 203.47976188281226 208.11865091475229 202.21473213022665 202.01473213320688
leaf_weight=30 7.9999999999999991 7.9999999999999991 4.9999999999999991 4.9999999999999991
leaf_count=30 8 8 5 5
internal_value=201.589 206.05 199.74 199.377
internal_weight=56 16 40 35
internal_count=56 16 40 35
is_linear=0
shrinkage=1


Tree=1
num_leaves=5
num_cat=0
split_feature=0 3 10 8
split_gain=174275 28343.7 13899.5 15645.4
threshold=8.0000000000000018 182.00000000000003 1.0000000180025095e-35 1.0000000180025095e-35
decision_type=2 2 2 2
left_child=2 -2 3 -1
right_child=1 -3 -4 -5
leaf_value=-2.5243505047213648 1.8064550558725996 6.2391710069444448 0.59938615212837865 0.40771948893864951
leaf_weight=30 7.9999999999999991 7.9999999999999991 4.9999999999999991 4.9999999999999991
leaf_count=30 8 8 5 5
internal_value=0.00523514 4.26239 -1.75883 -2.1044
internal_weight=56 16 40 35
internal_count=56 16 40 35
is_linear=0
shrinkage=0.05


Tree=2
num_leaves=5
num_cat=0
split_feature=0 3 10 8
split_gain=158691 25873 12628.6 14203.3
threshold=8.0000000000000018 182.00000000000003 1.0000000180025095e-35 1.0000000180025095e-35
decision_type=2 2 2 2
left_child=2 -2 3 -1
right_child=1 -3 -4 -5
leaf_value=-2.4022046119936054 1.7261681450737847 5.9618747287326386 0.57441175865630312 0.39073119660218558
leaf_weight=30 7.9999999999999991 7.9999999999999991 4.9999999999999991 4.9999999999999991
leaf_count=30 8 8 5 5
internal_value=0.0107877 4.07308 -1.67262 -2.00205
internal_weight=56 16 40 35
internal_count=56 16 40 35
is_linear=0
shrinkage=0.05


Tree=3
num_leaves=5
num_cat=0
split_feature=0 3 10 8
split_gain=144502 23617.4 11474.2 12894.4
threshold=8.0000000000000018 182.00000000000003 1.0000000180025095e-35 1.0000000180025095e-35
decision_type=2 2 2 2
left_child=2 -2 3 -1
right_child=1 -3 -4 -5
leaf_value=-2.2859689343360166 1.649449552430047 5.6969023810492629 0.55047789985934903 0.37445071538289393
leaf_weight=30 7.9999999999999991 7.9999999999999991 4.9999999999999991 4.9999999999999991
leaf_count=30 8 8 5 5
internal_value=0.0158193 3.89219 -1.59062 -1.90468
internal_weight=56 16 40 35
internal_count=56 16 40 35
is_linear=0
shrinkage=0.05


Tree=4
num_leaves=5
num_cat=0
split_feature=0 3 10 8
split_gain=131582 21558.1 10425.6 11706.5
threshold=8.0000000000000018 182.00000000000003 1.0000000180025095e-35 1.0000000180025095e-35
decision_type=2 2 2 2
left_child=2 -2 3 -1
right_child=1 -3 -4 -5
leaf_value=-2.1753574002173641 1.5761406792534722 5.4437065972222225 0.52754133393367131 0.35884860356648768
leaf_weight=30 7.9999999999999991 7.9999999999999991 4.9999999999999991 4.9999999999999991
leaf_count=30 8 8 5 5
internal_value=0.0203664 3.71933 -1.51263 -1.81203
internal_weight=56 16 40 35
internal_count=56 16 40 35
is_linear=0
shrinkage=0.05


Tree=5
num_leaves=5
num_cat=0
split_feature=0 3 2 10
split_gain=119818 19678.1 9622.81 4532.55
threshold=8.0000000000000018 182.00000000000003 149.50000000000003 1.0000000180025095e-35
decision_type=2 2 2 2
left_child=2 -2 -1 -4
right_child=1 -3 3 -5
leaf_value=-2.3611152031842404 1.5060899615287782 5.2017641703287758 -1.0935354442894458 0.50556045869986221
leaf_weight=15.999999999999998 7.9999999999999991 7.9999999999999991 19.000000000000004 4.9999999999999991
leaf_count=16 8 8 19 5
internal_value=0.0244629 3.55416 -1.43845 -0.751494
internal_weight=56 16 40 24
internal_count=56 16 40 24
is_linear=0
shrinkage=0.05


Tree=6
num_leaves=5
num_cat=0
split_feature=0 3 2 0
split_gain=109209 17961.8 8750.72 4319.95
threshold=8.0000000000000018 182.00000000000003 149.50000000000003 4.5000000000000009
decision_type=2 2 2 2
left_child=2 -2 -1 -4
right_child=1 -3 3 -5
leaf_value=-2.2500038203071147 1.4391526858011883 4.9705746968587246 -1.0492675237357616 0.51007883300383883
leaf_weight=15.999999999999998 7.9999999999999991 7.9999999999999991 19.000000000000004 4.9999999999999991
leaf_count=16 8 8 19 5
internal_value=0.0265369 3.39633 -1.37012 -0.714995
internal_weight=56 16 40 24
internal_count=56 16 40 24
is_linear=0
shrinkage=0.05


Tree=7
num_leaves=5
num_cat=0
split_feature=0 4 10 8
split_gain=99538.6 16591 8361.01 10018.3
threshold=8.0000000000000018 188.50000000000003 1.0000000180025095e-35 1.0000000180025095e-35
decision_type=2 2 2 2
left_child=2 -2 3 -1
right_child=1 -3 -4 -5
leaf_value=-1.9102609423860426 1.3671379727621875 4.7577125973171661 0.51522033860286076 0.42018549839655561
leaf_weight=30 7.9999999999999991 7.9999999999999991 4.9999999999999991 4.9999999999999991
leaf_count=30 8 8 5 5
internal_value=0.028386 3.24551 -1.30502 -1.57353
internal_weight=56 16 40 35
internal_count=56 16 40 35
is_linear=0
shrinkage=0.05


Tree=8
num_leaves=6
num_cat=0
split_feature=0 3 10 8 2
split_gain=90634.6 15419 7598.71 9100.88 2186.74
threshold=8.0000000000000018 168.00000000000003 1.0000000180025095e-35 1.0000000180025095e-35 262.00000000000006
decision_type=2 2 2 2 2
left_child=2 -2 3 -1 -3
right_child=1 4 -4 -5 -6
leaf_value=-1.8178289762427733 0.61873515446980798 2.5798418317522325 0.49375284612178805 0.40267777840296431 5.1420685450235997
leaf_weight=30 4.9999999999999991 5.9999999999999982 4.9999999999999991 4.9999999999999991 5
leaf_count=30 5 6 5 5 5
internal_value=0.0315719 3.1014 -1.24083 -1.49685 4.08011
internal_weight=56 16 40 35 11
internal_count=56 16 40 35 11
is_linear=0
shrinkage=0.05


Tree=9
num_leaves=6
num_cat=0
split_feature=0 3 2 0 3
split_gain=82825.3 14252.8 7057.71 3941.79 389.966
threshold=8.0000000000000018 182.00000000000003 149.50000000000003 4.5000000000000009 142.50000000000003
decision_type=2 2 2 2 2
left_child=2 -2 4 -4 -1
right_child=1 -3 3 -5 -6
leaf_value=-1.2779150962829591 1.2354076451725431 4.371210289001465 -0.91522316277027116 0.56676249305407211 -2.3194269561767578
leaf_weight=6.9999999999999991 7.9999999999999991 7.9999999999999991 19.000000000000004 4.9999999999999991 8.9999999999999982
leaf_count=7 8 8 19 5 9
internal_value=0.036633 2.97115 -1.17979 -0.594156 -1.96868
internal_weight=56 16 40 24 16
internal_count=56 16 40 24 16
is_linear=0
shrinkage=0.05


Tree=10
num_leaves=6
num_cat=0
split_feature=0 3 10 8 4
split_gain=75567.6 13291.5 6708.49 8025.64 2346.72
threshold=8.0000000000000018 168.00000000000003 1.0000000180025095e-35 1.0000000180025095e-35 219.33333333333337
decision_type=2 2 2 2 2
left_child=2 -2 3 -1 -3
right_child=1 4 -4 -5 -6
leaf_value=-1.6682768987071128 0.54147921005884814 2.3308337892804829 0.49896421233812971 0.41168395678202319 4.7670337041219071
leaf_weight=30 4.9999999999999991 5.9999999999999982 4.9999999999999991 4.9999999999999991 5
leaf_count=30 5 6 5 5 5
internal_value=0.0362144 2.83923 -1.12568 -1.36657 3.74734
internal_weight=56 16 40 35 11
internal_count=56 16 40 35 11
is_linear=0
shrinkage=0.05


Tree=11
num_leaves=6
num_cat=0
split_feature=0 3 10 8 4
split_gain=69055.9 12190.3 6098.47 7292.76 2170.35
threshold=8.0000000000000018 168.00000000000003 1.0000000180025095e-35 1.0000000180025095e-35 219.33333333333337
decision_type=2 2 2 2 2
left_child=2 -2 3 -1 -3
right_child=1 4 -4 -5 -6
leaf_value=-1.5875538172260408 0.51891759634017942 2.2309409277779717 0.47817404965559646 0.39453042745590211 4.5684073130289704
leaf_weight=30 4.9999999999999991 5.9999999999999982 4.9999999999999991 4.9999999999999991 5
leaf_count=30 5 6 5 5 5
internal_value=0.0405718 2.72003 -1.07019 -1.29992 3.58975
internal_weight=56 16 40 35 11
internal_count=56 16 40 35 11
is_linear=0
shrinkage=0.05


Tree=12
num_leaves=6
num_cat=0
split_feature=0 4 2 0 3
split_gain=63106.8 11245.9 5740.06 3594.89 545.86
threshold=8.0000000000000018 188.50000000000003 149.50000000000003 4.5000000000000009 142.50000000000003
decision_type=2 2 2 2 2
left_child=2 -2 4 -4 -1
right_child=1 -3 3 -5 -6
leaf_value=-1.0795637130737306 1.0683786352475486 3.8482238981458878 -0.80004826068878165 0.60968186457951867 -2.0685404109954835
leaf_weight=6.9999999999999991 7.9999999999999991 7.9999999999999991 19.000000000000004 4.9999999999999991 8.9999999999999982
leaf_count=7 8 8 19 5 9
internal_value=0.0444673 2.60585 -1.01743 -0.491715 -1.72776
internal_weight=56 16 40 24 16
internal_count=56 16 40 24 16
is_linear=0
shrinkage=0.05


Tree=13
num_leaves=6
num_cat=0
split_feature=0 3 10 8 2
split_gain=57575.8 10508.3 5384.6 6431.83 2244.59
threshold=8.0000000000000018 168.00000000000003 1.0000000180025095e-35 1.0000000180025095e-35 262.00000000000006
decision_type=2 2 2 2 2
left_child=2 -2 3 -1 -3
right_child=1 4 -4 -5 -6
leaf_value=-1.4572765611833143 0.45278024673461914 2.0141773768833708 0.479837707678477 0.39967925548553468 4.2361430803934725
leaf_weight=30 4.9999999999999991 5.9999999999999982 4.9999999999999991 4.9999999999999991 5
leaf_count=30 5 6 5 5 5
internal_value=0.0435844 2.49016 -0.970694 -1.18687 3.29718
internal_weight=56 16 40 35 11
internal_count=56 16 40 35 11
is_linear=0
shrinkage=0.05


Tree=14
num_leaves=7
num_cat=0
split_feature=0 3 2 0 4 3
split_gain=52615.2 9637.82 4954.74 3279.38 2073.58 569.769
threshold=8.0000000000000018 168.00000000000003 149.50000000000003 4.5000000000000009 219.33333333333337 142.50000000000003
decision_type=2 2 2 2 2 2
left_child=2 -2 5 -4 -3 -1
right_child=1 4 3 -5 -6 -7
leaf_value=-0.96857696175575259 0.43391438325246173 1.9277803012302948 -0.73076603502035131 0.61338106393814096 4.0597248395284016 -1.9098786163330079
leaf_weight=6.9999999999999991 4.9999999999999991 5.9999999999999982 19.000000000000004 4.9999999999999991 5 8.9999999999999982
leaf_count=7 5 6 19 5 5 9
internal_value=0.0469098 2.38566 -0.922742 -0.435401 3.15857 -1.5822
internal_weight=56 16 40 24 11 16
internal_count=56 16 40 24 11 16
is_linear=0
shrinkage=0.05


Tree=15
num_leaves=6
num_cat=0
split_feature=0 2 4 0 3
split_gain=48179.6 8996.04 4838.08 5411.06 1932.74
threshold=8.0000000000000018 262.00000000000006 277.33333333333343 2.5000000000000004 168.00000000000003
decision_type=2 2 2 2 2
left_child=2 4 3 -1 -2
right_child=1 -3 -4 -5 -6
leaf_value=-2.0572089802135123 0.41583463201920196 3.9082481384277346 0.27601014971733095 -0.65299536685148885 1.8300081661769321
leaf_weight=9.9999999999999982 4.9999999999999982 4.9999999999999991 6.9999999999999991 23 6
leaf_count=10 5 5 7 23 6
internal_value=0.0475693 2.28556 -0.88032 -1.12798 1.27959
internal_weight=56 16 40 33 11
internal_count=56 16 40 33 11
is_linear=0
shrinkage=0.05


Tree=16
num_leaves=6
num_cat=0
split_feature=0 2 10 8 3
split_gain=44102.1 8268.49 4515.67 5438.39 1766.56
threshold=8.0000000000000018 262.00000000000006 1.0000000180025095e-35 1.0000000180025095e-35 168.00000000000003
decision_type=2 2 2 2 2
left_child=2 4 3 -1 -2
right_child=1 -3 -4 -5 -6
leaf_value=-1.2868580045238618 0.3985081917295854 3.7454044659932459 0.48307483320434885 0.41399802068869279 1.7515792437962123
leaf_weight=30 4.9999999999999982 4.9999999999999991 4.9999999999999991 4.9999999999999991 6
leaf_count=30 5 5 5 5 6
internal_value=0.0484977 2.18968 -0.839272 -1.03774 1.22518
internal_weight=56 16 40 35 11
internal_count=56 16 40 35 11
is_linear=0
shrinkage=0.05


Tree=17
num_leaves=7
num_cat=0
split_feature=0 4 2 0 3 0
split_gain=40301.4 7789.05 4144.26 2976.2 1575.52 537.972
threshold=8.0000000000000018 219.33333333333337 149.50000000000003 4.5000000000000009 168.00000000000003 2.5000000000000004
decision_type=2 2 2 2 2 2
left_child=2 4 5 -4 -2 -1
right_child=1 -3 3 -5 -6 -7
leaf_value=-1.9272695541381837 0.38190367184579377 3.6056012471516929 -0.63732442736625661 0.63972750504811604 1.6625783784048895 -1.0152000977968176
leaf_weight=4.9999999999999991 4.9999999999999982 4.9999999999999991 19.000000000000004 4.9999999999999991 6 10.999999999999998
leaf_count=5 5 5 19 5 6 11
internal_value=0.051034 2.09783 -0.797662 -0.354325 1.16496 -1.39977
internal_weight=56 16 40 24 11 16
internal_count=56 16 40 24 11 16
is_linear=0
shrinkage=0.05


Tree=18
num_leaves=6
num_cat=0
split_feature=0 4 4 0 3
split_gain=36917.8 7158.55 4063.73 4639.72 1439.82
threshold=8.0000000000000018 219.33333333333337 277.33333333333343 2.5000000000000004 168.00000000000003
decision_type=2 2 2 2 2
left_child=2 4 3 -1 -2
right_child=1 -3 -4 -5 -6
leaf_value=-1.8469196579673075 0.36599102765321739 3.4553678512573245 0.29367074966430667 -0.55215363474562762 1.5913250105721608
leaf_weight=9.9999999999999982 4.9999999999999982 4.9999999999999991 6.9999999999999991 23 6
leaf_count=10 5 5 7 23 6
internal_value=0.0508595 2.00985 -0.761425 -0.988759 1.11544
internal_weight=56 16 40 33 11
internal_count=56 16 40 33 11
is_linear=0
shrinkage=0.05


Tree=19
num_leaves=6
num_cat=0
split_feature=0 2 10 8 3
split_gain=33795.4 6746.34 3791.34 4604.84 1282.13
threshold=8.0000000000000018 262.00000000000006 1.0000000180025095e-35 1.0000000180025095e-35 168.00000000000003
decision_type=2 2 2 2 2
left_child=2 4 3 -1 -2
right_child=1 -3 -4 -5 -6
leaf_value=-1.1379526990075266 0.35074140230814627 3.3268643379211427 0.4807206124067307 0.4215705404678981 1.5098652158464703
leaf_weight=30 4.9999999999999982 4.9999999999999991 4.9999999999999991 4.9999999999999991 6
leaf_count=30 5 5 5 5 6
internal_value=0.0512615 1.92557 -0.725922 -0.908253 1.06029
internal_weight=56 16 40 35 11
internal_count=56 16 40 35 11
is_linear=0
shrinkage=0.05


Tree=20
num_leaves=7
num_cat=0
split_feature=0 4 2 0 2 3
split_gain=30882.3 6255.57 3470.71 2701.23 938.955 514.811
threshold=8.0000000000000018 163.83333333333334 149.50000000000003 4.5000000000000009 262.00000000000006 142.50000000000003
decision_type=2 2 2 2 2 2
left_child=2 -2 5 -4 -3 -1
right_child=1 4 3 -5 -6 -7
leaf_value=-0.72297598123550422 0.45072902951921734 1.4962928136189781 -0.55717077398672687 0.65700832207997639 3.1882450421651201 -1.524625644683838
leaf_weight=6.9999999999999991 5.9999999999999991 4.9999999999999982 19.000000000000004 4.9999999999999991 5 8.9999999999999982
leaf_count=7 6 5 19 5 5 9
internal_value=0.0531737 1.84484 -0.689791 -0.286055 2.55975 -1.24
internal_weight=56 16 40 24 10 16
internal_count=56 16 40 24 10 16
is_linear=0
shrinkage=0.05


Tree=21
num_leaves=6
num_cat=0
split_feature=0 3 4 0 3
split_gain=28291.4 5875.23 3414.03 4024.93 831.168
threshold=8.0000000000000018 192.00000000000003 277.33333333333343 2.5000000000000004 168.00000000000003
decision_type=2 2 2 2 2
left_child=2 4 3 -1 -2
right_child=1 -3 -4 -5 -6
leaf_value=-1.663930130004883 0.30863375961780554 2.913829408373152 0.30514014363288883 -0.46313067687054477 1.2845614592234291
leaf_weight=9.9999999999999982 4.9999999999999982 5.9999999999999991 6.9999999999999991 23 5
leaf_count=10 5 6 7 23 5
internal_value=0.0531356 1.768 -0.657982 -0.866717 0.873561
internal_weight=56 16 40 33 10
internal_count=56 16 40 33 10
is_linear=0
shrinkage=0.05


Tree=22
num_leaves=6
num_cat=0
split_feature=0 4 10 8 3
split_gain=25883.7 5428.25 3181.92 3898.08 1002.17
threshold=8.0000000000000018 219.33333333333337 1.0000000180025095e-35 1.0000000180025095e-35 168.00000000000003
decision_type=2 2 2 2 2
left_child=2 4 3 -1 -2
right_child=1 -3 -4 -5 -6
leaf_value=-1.0065909493354059 0.29577402273813885 2.9477630138397219 0.47387819389502212 0.42359498313938576 1.3174724510737827
leaf_weight=30 4.9999999999999982 4.9999999999999991 4.9999999999999991 4.9999999999999991 6
leaf_count=30 5 5 5 5 6
internal_value=0.0528781 1.69315 -0.627304 -0.794799 0.920579
internal_weight=56 16 40 35 11
internal_count=56 16 40 35 11
is_linear=0
shrinkage=0.05


Tree=23
num_leaves=6
num_cat=0
split_feature=0 2 4 0 3
split_gain=23651.8 5113.46 2898.26 3612.77 891.35
threshold=8.0000000000000018 262.00000000000006 277.33333333333343 2.5000000000000004 168.00000000000003
decision_type=2 2 2 2 2
left_child=2 4 3 -1 -2
right_child=1 -3 -4 -5 -6
leaf_value=-1.5425427523526281 0.28345010876655585 2.8383314768473311 0.29019248187541963 -0.40781381670385602 1.2495305946895054
leaf_weight=9.9999999999999982 4.9999999999999982 4.9999999999999991 6.9999999999999991 23 6
leaf_count=10 5 5 7 23 6
internal_value=0.0542709 1.6222 -0.59595 -0.788397 0.874785
internal_weight=56 16 40 33 11
internal_count=56 16 40 33 11
is_linear=0
shrinkage=0.05


Tree=24
num_leaves=7
num_cat=0
split_feature=0 4 2 0 2 3
split_gain=21654.4 4715.74 2806.89 2435.97 754.459 414.747
threshold=8.0000000000000018 163.83333333333334 149.50000000000003 4.5000000000000009 262.00000000000006 142.50000000000003
decision_type=2 2 2 2 2 2
left_child=2 -2 5 -4 -3 -1
right_child=1 4 3 -5 -6 -7
leaf_value=-0.60920359194278717 0.35102235930306569 1.257422765096029 -0.4670945445587858 0.6836081663767497 2.7200676759084064 -1.3131401777267457
leaf_weight=6.9999999999999991 5.9999999999999991 4.9999999999999982 19.000000000000004 4.9999999999999991 5 8.9999999999999982
leaf_count=7 6 5 19 5 5 9
internal_value=0.0539794 1.55424 -0.568177 -0.20761 2.17409 -1.06206
internal_weight=56 16 40 24 10 16
internal_count=56 16 40 24 10 16
is_linear=0
shrinkage=0.05


Tree=25
num_leaves=6
num_cat=0
split_feature=0 4 10 8 3
split_gain=19838.3 4417.76 2671.6 3301.87 772.103
threshold=8.0000000000000018 219.33333333333337 1.0000000180025095e-35 1.0000000180025095e-35 168.00000000000003
decision_type=2 2 2 2 2
left_child=2 4 3 -1 -2
right_child=1 -3 -4 -5 -6
leaf_value=-0.89118236187965649 0.24946041703224187 2.6187682787577313 0.46354845960934954 0.42117707605163263 1.1447210448128835
leaf_weight=30 4.9999999999999982 4.9999999999999991 4.9999999999999991 4.9999999999999991 6
leaf_count=30 5 5 5 5 6
internal_value=0.053581 1.48955 -0.54191 -0.695822 0.796651
internal_weight=56 16 40 35 11
internal_count=56 16 40 35 11
is_linear=0
shrinkage=0.05


Tree=26
num_leaves=6
num_cat=0
split_feature=0 2 6 0 3
split_gain=18127.2 4069.22 2496.04 1904.53 520.425
threshold=8.0000000000000018 242.50000000000003 1.0000000180025095e-35 4.5000000000000009 168.00000000000003
decision_type=2 2 2 2 2
left_child=2 4 3 -1 -2
right_child=1 -3 -4 -5 -6
leaf_value=-0.52218471747534034 0.23906623522440595 2.3784606933593753 -1.4684968630472819 0.35645375847816468 1.01305402914683
leaf_weight=28 4.9999999999999982 5.9999999999999991 4.9999999999999991 6.9999999999999991 5
leaf_count=28 5 6 5 7 5
internal_value=0.054548 1.42717 -0.5147 -0.340048 0.68752
internal_weight=56 16 40 35 10
internal_count=56 16 40 35 10
is_linear=0
shrinkage=0.05


Tree=27
num_leaves=6
num_cat=0
split_feature=0 3 4 0 3
split_gain=16590.6 3892.84 2444.97 3047.19 444.259
threshold=8.0000000000000018 192.00000000000003 277.33333333333343 2.5000000000000004 168.00000000000003
decision_type=2 2 2 2 2
left_child=2 4 3 -1 -2
right_child=1 -3 -4 -5 -6
leaf_value=-1.3591205423528498 0.22910515467325851 2.2955059596470426 0.31796105802059177 -0.32177694415052738 0.9487008492151896
leaf_weight=9.9999999999999982 4.9999999999999982 5.9999999999999991 6.9999999999999991 23 5
leaf_count=10 5 6 7 23 5
internal_value=0.0536157 1.36679 -0.490958 -0.668323 0.646985
internal_weight=56 16 40 33 10
internal_count=56 16 40 33 10
is_linear=0
shrinkage=0.05


Tree=28
num_leaves=7
num_cat=0
split_feature=0 2 2 0 4 3
split_gain=15180.4 3603.4 2273.2 2046.89 583.251 396.331
threshold=8.0000000000000018 262.00000000000006 149.50000000000003 4.5000000000000009 163.83333333333334 168.00000000000003
decision_type=2 2 2 2 2 2
left_child=2 4 5 -4 -2 -1
right_child=1 -3 3 -5 -6 -7
leaf_value=-0.60186650861393332 0.27109655482428419 2.326374689737956 -0.38502194583415977 0.66858647664388027 1.0493918180465698 -1.2616449628557478
leaf_weight=9.9999999999999982 5.9999999999999982 4.9999999999999991 19.000000000000004 4.9999999999999991 5 5.9999999999999991
leaf_count=10 6 5 19 5 5 6
internal_value=0.05283 1.30896 -0.468072 -0.145557 0.687002 -0.911885
internal_weight=56 16 40 24 11 16
internal_count=56 16 40 24 11 16
is_linear=0
shrinkage=0.05


Tree=29
num_leaves=5
num_cat=0
split_feature=0 0 4 3
split_gain=13952.5 3948.4 3529.03 2747.96
threshold=11.500000000000002 4.5000000000000009 251.33333333333334 149.50000000000003
decision_type=2 2 2 2
left_child=1 2 -1 -3
right_child=-2 3 -4 -5
leaf_value=-0.91354077930251754 1.861401875813802 -0.55027665297190353 0.22242782592773436 0.76781930724779768
leaf_weight=23 7.9999999999999991 4.9999999999999991 8.9999999999999982 10.999999999999998
leaf_count=23 8 5 9 11
internal_value=0.0520015 -0.280378 -0.595476 0.344834
internal_weight=56 48 32 16
internal_count=56 48 32 16
is_linear=0
shrinkage=0.05


Tree=30
num_leaves=5
num_cat=0
split_feature=0 0 4 4
split_gain=12725.9 3575.63 3204.07 2534.03
threshold=11.500000000000002 4.5000000000000009 251.33333333333334 139.16666666666669
decision_type=2 2 2 2
left_child=1 2 -1 -3
right_child=-2 3 -4 -5
leaf_value=-0.8697669543325901 1.7786728700002035 -0.53100862701733909 0.21241858005523684 0.73445767362912495
leaf_weight=23 7.9999999999999991 4.9999999999999991 8.9999999999999982 10.999999999999998
leaf_count=23 8 5 9 11
internal_value=0.0506189 -0.266791 -0.566673 0.328085
internal_weight=56 48 32 16
internal_count=56 48 32 16
is_linear=0
shrinkage=0.05


Tree=31
num_leaves=6
num_cat=0
split_feature=0 4 6 10 3
split_gain=11629.3 3365.53 2105.92 1380.96 465.336
threshold=8.0000000000000018 219.33333333333337 1.0000000180025095e-35 1.0000000180025095e-35 168.00000000000003
decision_type=2 2 2 2 2
left_child=2 4 3 -1 -2
right_child=1 -3 -4 -5 -6
leaf_value=-0.37818487387511041 0.14661214152971908 2.123952166239421 -1.2793898582458496 0.45481683611869816 0.82929051262991771
leaf_weight=30 4.9999999999999982 4.9999999999999991 4.9999999999999991 4.9999999999999991 6
leaf_count=30 5 5 5 5 6
internal_value=0.04925 1.14873 -0.406614 -0.248468 0.561226
internal_weight=56 16 40 35 11
internal_count=56 16 40 35 11
is_linear=0
shrinkage=0.05


Tree=32
num_leaves=5
num_cat=0
split_feature=0 0 4 3
split_gain=10913.1 3008.45 2804.34 2209.8
threshold=11.500000000000002 4.5000000000000009 251.33333333333334 149.50000000000003
decision_type=2 2 2 2
left_child=1 2 -1 -3
right_child=-2 3 -4 -5
leaf_value=-0.80419463841244587 1.648771005206638 -0.50124753117561338 0.20738306045532229 0.67996911009152727
leaf_weight=23 7.9999999999999991 4.9999999999999991 8.9999999999999982 10.999999999999998
leaf_count=23 8 5 9 11
internal_value=0.0484955 -0.245402 -0.52051 0.300126
internal_weight=56 48 32 16
internal_count=56 48 32 16
is_linear=0
shrinkage=0.05


Tree=33
num_leaves=5
num_cat=0
split_feature=0 0 4 4
split_gain=9953.85 2723.98 2546.33 2036.14
threshold=11.500000000000002 4.5000000000000009 251.33333333333334 139.16666666666669
decision_type=2 2 2 2
left_child=1 2 -1 -3
right_child=-2 3 -4 -5
leaf_value=-0.76566031877882779 1.5754923582077027 -0.48332031071186066 0.19805079460144046 0.65028290549914047
leaf_weight=23 7.9999999999999991 4.9999999999999991 8.9999999999999982 10.999999999999998
leaf_count=23 8 5 9 11
internal_value=0.0471503 -0.233507 -0.495313 0.285498
internal_weight=56 48 32 16
internal_count=56 48 32 16
is_linear=0
shrinkage=0.05


Tree=34
num_leaves=5
num_cat=0
split_feature=0 0 3 2
split_gain=9078.93 2481.67 4348.71 2423.37
threshold=11.500000000000002 2.5000000000000004 149.50000000000003 262.00000000000006
decision_type=2 2 2 2
left_child=1 3 -3 -1
right_child=-2 2 -4 -5
leaf_value=-1.1520730842243541 1.5054704652892221 -0.56463605514727533 0.56815051469537947 0.07756654875619072
leaf_weight=9.9999999999999982 7.9999999999999991 14.999999999999998 17 5.9999999999999991
leaf_count=10 8 15 17 6
internal_value=0.0458233 -0.22219 0.0346222 -0.710579
internal_weight=56 48 32 16
internal_count=56 48 32 16
is_linear=0
shrinkage=0.05


Tree=35
num_leaves=5
num_cat=0
split_feature=0 0 4 4
split_gain=8288 2270.22 2249.28 1742.24
threshold=11.500000000000002 4.5000000000000009 251.33333333333334 139.16666666666669
decision_type=2 2 2 2
left_child=1 2 -1 -3
right_child=-2 3 -4 -5
leaf_value=-0.70546589456498632 1.4385606699519689 -0.44909534255663558 0.1991867733001709 0.59915798902511597
leaf_weight=23 7.9999999999999991 4.9999999999999991 8.9999999999999982 10.999999999999998
leaf_count=23 8 5 9 11
internal_value=0.0439133 -0.212122 -0.451191 0.26149
internal_weight=56 48 32 16
internal_count=56 48 32 16
is_linear=0
shrinkage=0.05


Tree=36
num_leaves=5
num_cat=0
split_feature=0 0 3 2
split_gain=7559.43 2216.84 3701.28 2155.75
threshold=11.500000000000002 2.5000000000000004 149.50000000000003 262.00000000000006
decision_type=2 2 2 2
left_child=1 3 -3 -1
right_child=-2 2 -4 -5
leaf_value=-1.079975654862144 1.3746246410740746 -0.51238159984350207 0.53265732228755958 0.078629296166556228
leaf_weight=9.9999999999999982 7.9999999999999991 14.999999999999998 17 5.9999999999999991
leaf_count=10 8 15 17 6
internal_value=0.042667 -0.201829 0.0405978 -0.66349
internal_weight=56 48 32 16
internal_count=56 48 32 16
is_linear=0
shrinkage=0.05


Tree=37
num_leaves=5
num_cat=0
split_feature=0 0 3 2
split_gain=6900.92 2017.53 3361.24 1966.19
threshold=11.500000000000002 2.5000000000000004 149.50000000000003 262.00000000000006
decision_type=2 2 2 2
left_child=1 3 -3 -1
right_child=-2 2 -4 -5
leaf_value=-1.0308858611366964 1.3135302019615969 -0.48836371432989839 0.5075040525860256 0.075259474345615932
leaf_weight=9.9999999999999982 7.9999999999999991 14.999999999999998 17 5.9999999999999991
leaf_count=10 8 15 17 6
internal_value=0.0408789 -0.192687 0.0385228 -0.633113
internal_weight=56 48 32 16
internal_count=56 48 32 16
is_linear=0
shrinkage=0.05


Tree=38
num_leaves=4
num_cat=0
split_feature=0 6 0
split_gain=6299.75 1893.89 1599.22
threshold=11.500000000000002 1.0000000180025095e-35 4.5000000000000009
decision_type=2 2 2
left_child=1 2 -1
right_child=-2 -3 -4
leaf_value=-0.27107521501080745 1.2551510731379192 -0.94607459817613881 0.36465255225698157
leaf_weight=28 7.9999999999999991 5.9999999999999991 13.999999999999998
leaf_count=28 8 6 14
internal_value=0.0391657 -0.183957 -0.054451
internal_weight=56 48 42
internal_count=56 48 42
is_linear=0
shrinkage=0.05


Tree=39
num_leaves=6
num_cat=0
split_feature=0 3 4 0 3
split_gain=5786.7 3093.1 1466.3 1820.43 171.234
threshold=8.0000000000000018 192.00000000000003 277.33333333333343 2.5000000000000004 168.00000000000003
decision_type=2 2 2 2 2
left_child=2 4 3 -1 -2
right_child=1 -3 -4 -5 -6
leaf_value=-0.95410270690917975 0 1.6233963561909541 0.33499292284250259 -0.15924886266390484 0.39935389558474221
leaf_weight=9.9999999999999982 4.9999999999999982 5.9999999999999991 6.9999999999999991 23 5
leaf_count=10 5 6 7 23 5
internal_value=0.0375168 0.813271 -0.283833 -0.422562 0.219258
internal_weight=56 16 40 33 10
internal_count=56 16 40 33 10
is_linear=0
shrinkage=0.05


Tree=40
num_leaves=4
num_cat=0
split_feature=0 6 0
split_gain=5429.38 1681.8 1321.04
threshold=11.500000000000002 1.0000000180025095e-35 4.5000000000000009
decision_type=2 2 2
left_child=1 2 -1
right_child=-2 -3 -4
leaf_value=-0.24530243462529677 1.1656540784570906 -0.88848602771759033 0.3324549131592115
leaf_weight=28 7.9999999999999991 5.9999999999999991 13.999999999999998
leaf_count=28 8 6 14
internal_value=0.0367463 -0.170334 -0.0483011
internal_weight=56 48 42
internal_count=56 48 42
is_linear=0
shrinkage=0.05


Tree=41
num_leaves=5
num_cat=0
split_feature=0 0 3 2
split_gain=4956.56 1559.38 2674.46 1722.66
threshold=11.500000000000002 2.5000000000000004 149.50000000000003 262.00000000000006
decision_type=2 2 2 2
left_child=1 3 -3 -1
right_child=-2 2 -4 -5
leaf_value=-0.92278249047019267 1.1138471961021423 -0.42969611361622811 0.45859048548671932 0.10743118013654436
leaf_weight=9.9999999999999982 7.9999999999999991 14.999999999999998 17 5.9999999999999991
leaf_count=10 8 15 17 6
internal_value=0.0351847 -0.162635 0.0402876 -0.549917
internal_weight=56 48 32 16
internal_count=56 48 32 16
is_linear=0
shrinkage=0.05


Tree=42
num_leaves=6
num_cat=0
split_feature=4 3 0 4 3
split_gain=4835.27 3207.55 2491.85 960.333 726.215
threshold=251.33333333333334 312.00000000000006 4.5000000000000009 139.16666666666669 208.50000000000003
decision_type=2 2 2 2 2
left_child=2 -2 4 -4 -1
right_child=1 -3 3 -5 -6
leaf_value=-0.28870684623718257 1.618800565174648 -0.02478757301966349 -0.37806170582771281 0.35431122175521323 -0.88898876667022708
leaf_weight=14.000000000000002 5.9999999999999982 5 5.0000000000000027 17 8.9999999999999982
leaf_count=14 6 5 5 17 9
internal_value=0.0337126 0.92774 -0.199158 0.176488 -0.552937
internal_weight=56 11 45 22 23
internal_count=56 11 45 22 23
is_linear=0
shrinkage=0.05


Tree=43
num_leaves=6
num_cat=0
split_feature=4 3 0 4 3
split_gain=4427.65 2940.16 2264.75 877.428 662.834
threshold=251.33333333333334 312.00000000000006 4.5000000000000009 139.16666666666669 208.50000000000003
decision_type=2 2 2 2 2
left_child=2 -2 4 -4 -1
right_child=1 -3 3 -5 -6
leaf_value=-0.27523386120796201 1.5494234391621182 -0.023754745721817017 -0.36230912450700981 0.33757986442910304 -0.84898428201675424
leaf_weight=14.000000000000002 5.9999999999999982 5 5.0000000000000027 17 8.9999999999999982
leaf_count=14 6 5 5 17 9
internal_value=0.0322398 0.887786 -0.19056 0.167504 -0.527848
internal_weight=56 11 45 22 23
internal_count=56 11 45 22 23
is_linear=0
shrinkage=0.05


Tree=44
num_leaves=4
num_cat=0
split_feature=2 0 3
split_gain=4147.12 2523.71 2068.77
threshold=296.00000000000006 2.5000000000000004 149.50000000000003
decision_type=2 2 2
left_child=1 -1 -3
right_child=-2 2 -4
leaf_value=-0.78051691154638936 1.0175756957795885 -0.38483848171308638 0.35532860082128775
leaf_weight=10.999999999999998 7.9999999999999991 14.999999999999998 22
leaf_count=11 8 15 22
internal_value=0.0308267 -0.150022 0.0517143
internal_weight=56 48 37
internal_count=56 48 37
is_linear=0
shrinkage=0.05


Tree=45
num_leaves=6
num_cat=0
split_feature=4 3 0 4 3
split_gain=3885.11 2564.9 1897.93 740.145 564.916
threshold=251.33333333333334 312.00000000000006 4.5000000000000009 139.16666666666669 208.50000000000003
decision_type=2 2 2 2 2
left_child=2 -2 4 -4 -1
right_child=1 -3 3 -5 -6
leaf_value=-0.25429937799771624 1.4488698422908786 -0.02021163205305735 -0.337346037228902 0.30507562359174095 -0.784647183418274
leaf_weight=14.000000000000002 5.9999999999999982 5 5.0000000000000027 17 8.9999999999999982
leaf_count=14 6 5 5 17 9
internal_value=0.0294235 0.830902 -0.17921 0.148578 -0.487957
internal_weight=56 11 45 22 23
internal_count=56 11 45 22 23
is_linear=0
shrinkage=0.05


Tree=46
num_leaves=4
num_cat=0
split_feature=0 6 0
split_gain=3642.63 1167.43 900.157
threshold=11.500000000000002 1.0000000180025095e-35 2.5000000000000004
decision_type=2 2 2
left_child=1 2 -1
right_child=-2 -3 -4
leaf_value=-0.35395449638366699 0.95297982957628047 -0.73968024594443182 0.12289370555302193
leaf_weight=13.999999999999998 7.9999999999999991 5.9999999999999991 28
leaf_count=14 8 6 28
internal_value=0.0281343 -0.141289 -0.0394279
internal_weight=56 48 42
internal_count=56 48 42
is_linear=0
shrinkage=0.05


Tree=47
num_leaves=6
num_cat=0
split_feature=4 2 0 4 3
split_gain=3583.42 2376.55 1605.99 614.81 471.594
threshold=251.33333333333334 296.00000000000006 4.5000000000000009 139.16666666666669 208.50000000000003
decision_type=2 2 2 2 2
left_child=2 -2 4 -4 -1
right_child=1 -3 3 -5 -6
leaf_value=-0.24241662343343096 -0.021970102687676754 1.3913326127188546 -0.31403430451949421 0.27103119293848671 -0.72955286026000987
leaf_weight=14.000000000000002 4.9999999999999982 6 5.0000000000000027 17 8.9999999999999982
leaf_count=14 5 6 5 17 9
internal_value=0.0266682 0.796459 -0.17364 0.128015 -0.457574
internal_weight=56 11 45 22 23
internal_count=56 11 45 22 23
is_linear=0
shrinkage=0.05


Tree=48
num_leaves=6
num_cat=0
split_feature=4 3 0 2 3
split_gain=3280.96 2219.09 1459.71 572.679 430.316
threshold=251.33333333333334 312.00000000000006 4.5000000000000009 189.00000000000003 208.50000000000003
decision_type=2 2 2 2 2
left_child=2 -2 4 -4 -1
right_child=1 -3 3 -5 -6
leaf_value=-0.23110385020573931 1.3370237886905674 -0.027261014779408774 -0.1473030261018059 0.34329393276801479 -0.69672297835350039
leaf_weight=14.000000000000002 5.9999999999999982 5 10.000000000000002 11.999999999999998 8.9999999999999982
leaf_count=14 6 5 10 12 9
internal_value=0.025514 0.762133 -0.166115 0.121413 -0.436824
internal_weight=56 11 45 22 23
internal_count=56 11 45 22 23
is_linear=0
shrinkage=0.05


Tree=49
num_leaves=6
num_cat=0
split_feature=0 3 6 8 3
split_gain=3029.72 2314.78 875.975 576.503 78.8719
threshold=8.0000000000000018 192.00000000000003 1.0000000180025095e-35 1.0000000180025095e-35 168.00000000000003
decision_type=2 2 2 2 2
left_child=2 4 3 -1 -2
right_child=1 -3 -4 -5 -6
leaf_value=-0.19225450100437289 -0.046615309516588856 1.2845790871552059 -0.76870957612991342 0.34331234892209372 0.20881559848785397
leaf_weight=30 4.9999999999999982 5.9999999999999991 4.9999999999999991 4.9999999999999991 5
leaf_count=30 5 6 5 5 5
internal_value=0.0246137 0.586191 -0.207616 -0.106945 0.0839274
internal_weight=56 16 40 35 10
internal_count=56 16 40 35 10
is_linear=0
shrinkage=0.05


Tree=50
num_leaves=5
num_cat=0
split_feature=4 2 0 4
split_gain=2920.49 2090.09 1247.81 1053.72
threshold=251.33333333333334 296.00000000000006 2.5000000000000004 146.50000000000003
decision_type=2 2 2 2
left_child=2 -2 -1 -4
right_child=1 -3 3 -5
leaf_value=-0.65095442175865181 -0.043572390079498299 1.277209152494158 -0.38338072299957277 0.17145012278854849
leaf_weight=8.9999999999999982 4.9999999999999982 6 11.999999999999998 24
leaf_count=9 5 6 12 24
internal_value=0.0240665 0.719086 -0.156679 -0.0175053
internal_weight=56 11 45 36
internal_count=56 11 45 36
is_linear=0
shrinkage=0.05


Tree=51
num_leaves=5
num_cat=0
split_feature=0 0 3 2
split_gain=2673.56 978.734 1472.05 775.36
threshold=11.500000000000002 2.5000000000000004 192.00000000000003 242.50000000000003
decision_type=2 2 2 2
left_child=1 3 -3 -1
right_child=-2 2 -4 -5
leaf_value=-0.71153336644172671 0.815554396311442 -0.14370063594900645 0.63165311305783689 -0.015615854412317276
leaf_weight=8.9999999999999982 7.9999999999999991 25 6.9999999999999991 6.9999999999999991
leaf_count=9 8 25 7 7
internal_value=0.0231007 -0.121903 0.0383942 -0.428839
internal_weight=56 48 32 16
internal_count=56 48 32 16
is_linear=0
shrinkage=0.05


Tree=52
num_leaves=6
num_cat=0
split_feature=4 2 0 4 3
split_gain=2655.58 1857.61 1036.12 399.138 317.879
threshold=251.33333333333334 296.00000000000006 4.5000000000000009 139.16666666666669 182.00000000000003
decision_type=2 2 2 2 2
left_child=2 -2 4 -4 -1
right_child=1 -3 3 -5 -6
leaf_value=-0.18641180736677984 -0.034496092547972999 1.2112670489719934 -0.26246311763922359 0.2082485209736559 -0.58282761031931096
leaf_weight=13.000000000000002 4.9999999999999982 6 5.0000000000000027 17 9.9999999999999982
leaf_count=13 5 6 5 17 10
internal_value=0.0223635 0.685158 -0.149939 0.0923346 -0.377953
internal_weight=56 11 45 22 23
internal_count=56 11 45 22 23
is_linear=0
shrinkage=0.05


Tree=53
num_leaves=4
num_cat=0
split_feature=10 8 0
split_gain=2482.22 1973.12 671.075
threshold=1.0000000180025095e-35 1.0000000180025095e-35 8.0000000000000018
decision_type=2 2 2
left_child=1 2 -1
right_child=-2 -3 -4
leaf_value=-0.36525072407337933 0.8395456641912461 0.6133425083011389 0.066985790546123802
leaf_weight=30 6.9999999999999991 6.9999999999999991 11.999999999999998
leaf_count=30 7 7 12
internal_value=0.0214237 -0.108904 -0.241906
internal_weight=56 49 42
internal_count=56 49 42
is_linear=0
shrinkage=0.05


Tree=54
num_leaves=5
num_cat=0
split_feature=4 3 0 4
split_gain=2282.65 1819.05 896.879 798.847
threshold=251.33333333333334 312.00000000000006 2.5000000000000004 146.50000000000003
decision_type=2 2 2 2
left_child=2 -2 -1 -4
right_child=1 -3 3 -5
leaf_value=-0.55741771370172499 1.1570660693304882 -0.069685976083079956 -0.33849076766234182 0.14454130110144617
leaf_weight=8.9999999999999982 5.9999999999999982 5 11.999999999999998 24
leaf_count=9 6 5 12 24
internal_value=0.0214092 0.635946 -0.138283 -0.0199148
internal_weight=56 11 45 36
internal_count=56 11 45 36
is_linear=0
shrinkage=0.05


Tree=55
num_leaves=4
num_cat=0
split_feature=10 8 0
split_gain=2175.62 1706.84 576.505
threshold=1.0000000180025095e-35 1.0000000180025095e-35 8.0000000000000018
decision_type=2 2 2
left_child=1 2 -1
right_child=-2 -3 -4
leaf_value=-0.33951134640843639 0.7865131318569184 0.57020636722445495 0.060938633910308661
leaf_weight=30 6.9999999999999991 6.9999999999999991 11.999999999999998
leaf_count=30 7 7 12
internal_value=0.0205457 -0.10142 -0.225178
internal_weight=56 49 42
internal_count=56 49 42
is_linear=0
shrinkage=0.05


Tree=56
num_leaves=5
num_cat=0
split_feature=0 0 3 2
split_gain=2090.71 833.127 1064.32 567.916
threshold=11.500000000000002 2.5000000000000004 149.50000000000003 242.50000000000003
decision_type=2 2 2 2
left_child=1 3 -3 -1
right_child=-2 2 -4 -5
leaf_value=-0.63312563449144366 0.72135999865002098 -0.25623990222811699 0.30397331078226369 -0.032963220961391926
leaf_weight=8.9999999999999982 7.9999999999999991 14.999999999999998 17 6.9999999999999991
leaf_count=9 8 15 17 7
internal_value=0.0205081 -0.107618 0.0400509 -0.39088
internal_weight=56 48 32 16
internal_count=56 48 32 16
is_linear=0
shrinkage=0.05


Tree=57
num_leaves=4
num_cat=0
split_feature=2 0 3
split_gain=1978.93 1052.28 954.226
threshold=296.00000000000006 2.5000000000000004 192.00000000000003
decision_type=2 2 2
left_child=1 -1 -3
right_child=-2 2 -4
leaf_value=-0.51225152251621087 0.70137342347039122 -0.10006922026795727 0.51218300461769106
leaf_weight=10.999999999999998 7.9999999999999991 30 6.9999999999999991
leaf_count=11 8 30 7
internal_value=0.0194853 -0.105137 0.0248768
internal_weight=56 48 37
internal_count=56 48 37
is_linear=0
shrinkage=0.05


Tree=58
num_leaves=4
num_cat=0
split_feature=10 8 0
split_gain=1872.29 1440.37 424.188
threshold=1.0000000180025095e-35 1.0000000180025095e-35 8.0000000000000018
decision_type=2 2 2
left_child=1 2 -1
right_child=-2 -3 -4
leaf_value=-0.30580057588315784 0.72961483150720596 0.52277143597602849 0.037955167774970718
leaf_weight=30 6.9999999999999991 6.9999999999999991 11.999999999999998
leaf_count=30 7 7 12
internal_value=0.0189946 -0.0940846 -0.207823
internal_weight=56 49 42
internal_count=56 49 42
is_linear=0
shrinkage=0.05


Tree=59
num_leaves=5
num_cat=0
split_feature=0 0 4 2
split_gain=1815.86 720.117 884.018 439.169
threshold=11.500000000000002 2.5000000000000004 146.50000000000003 242.50000000000003
decision_type=2 2 2 2
left_child=1 3 -3 -1
right_child=-2 2 -4 -5
leaf_value=-0.57714257717132567 0.67216679387622413 -0.28667345322095433 0.23768655352649237 -0.04530700296163559
leaf_weight=8.9999999999999982 7.9999999999999991 11.999999999999998 20 6.9999999999999991
leaf_count=9 8 12 20 7
internal_value=0.0189523 -0.100392 0.036808 -0.363758
internal_weight=56 48 32 16
internal_count=56 48 32 16
is_linear=0
shrinkage=0.05


end of trees

feature_importances:
mois_num=91
lag_2=58
rolling_mean_3=43
lag_1=32
cat_Mode_Homme=19
cat_Maison_&_Déco=18
cat_Enfants_&_Bébé=6

parameters:
[boosting: gbdt]
[objective: regression]
[metric: l2]
[tree_learner: serial]
[device_type: cpu]
[data_sample_strategy: bagging]
[data: ]
[valid: ]
[num_iterations: 60]
[learning_rate: 0.05]
[num_leaves: 7]
[num_threads: 1]
[seed: 42]
[deterministic: 0]
[force_col_wise: 0]
[force_row_wise: 0]
[histogram_pool_size: -1]
[max_depth: 3]
[min_data_in_leaf: 5]
[min_sum_hessian_in_leaf: 0.001]
[bagging_fraction: 1]
[pos_bagging_fraction: 1]
[neg_bagging_fraction: 1]
[bagging_freq: 0]
[bagging_seed: 400]
[bagging_by_query: 0]
[feature_fraction: 1]
[feature_fraction_bynode: 1]
[feature_fraction_seed: 30056]
[extra_trees: 0]
[extra_seed: 12879]
[early_stopping_round: 0]
[early_stopping_min_delta: 0]
[first_metric_only: 0]
[max_delta_step: 0]
[lambda_l1: 1]
[lambda_l2: 1]
[linear_lambda: 0]
[min_gain_to_split: 0]
[drop_rate: 0.1]
[max_drop: 50]
[skip_drop: 0.5]
[xgboost_dart_mode: 0]
[uniform_drop: 0]
[drop_seed: 17869]
[top_rate: 0.2]
[other_rate: 0.1]
[min_data_per_group: 100]
[max_cat_threshold: 32]
[cat_l2: 10]
[cat_smooth: 10]
[max_cat_to_onehot: 4]
[top_k: 20]
[monotone_constraints: ]
[monotone_constraints_method: basic]
[monotone_penalty: 0]
[feature_contri: ]
[forcedsplits_filename: ]
[refit_decay_rate: 0.9]
[cegb_tradeoff: 1]
[cegb_penalty_split: 0]
[cegb_penalty_feature_lazy: ]
[cegb_penalty_feature_coupled: ]
[path_smooth: 0]
[interaction_constraints: ]
[verbosity: -1]
[saved_feature_importance_type: 0]
[use_quantized_grad: 0]
[num_grad_quant_bins: 4]
[quant_train_renew_leaf: 0]
[stochastic_rounding: 1]
[linear_tree: 0]
[max_bin: 255]
[max_bin_by_feature: ]
[min_data_in_bin: 3]
[bin_construct_sample_cnt: 200000]
[data_random_seed: 175]
[is_enable_sparse: 1]
[enable_bundle: 1]
[use_missing: 1]
[zero_as_missing: 0]
[feature_pre_filter: 1]
[pre_partition: 0]
[two_round: 0]
[header: 0]
[label_column: ]
[weight_column: ]
[group_column: ]
[ignore_column: ]
[categorical_feature: ]
[forcedbins_filename: ]
[precise_float_parser: 0]
[parser_config_file: ]
[objective_seed: 16083]
[num_class: 1]
[is_unbalance: 0]
[scale_pos_weight: 1]
[sigmoid: 1]
[boost_from_average: 1]
[reg_sqrt: 0]
[alpha: 0.9]
[fair_c: 1]
[poisson_max_delta_step: 0.7]
[tweedie_variance_power: 1.5]
[lambdarank_truncation_level: 30]
[lambdarank_norm: 1]
[label_gain: ]
[lambdarank_position_bias_regularization: 0]
[eval_at: ]
[multi_error_top_k: 1]
[auc_mu_weights: ]
[num_machines: 1]
[local_listen_port: 12400]
[time_out: 120]
[machine_list_filename: ]
[machines: ]
[gpu_platform_id: -1]
[gpu_device_id: -1]
[gpu_device_id_list: ]
[gpu_use_dp: 0]
[num_gpu: 1]

end of parameters

pandas_categorical:[]
